[[-7.50779126e-01 -1.12730021e+00 -4.23774890e-01 ... -5.67029654e-01
   8.83991607e-01 -6.25805601e-01]
 [-7.47746642e-01 -1.85731300e+00  9.42863094e-01 ...  9.23309864e-02
   1.90121811e+00 -7.33036475e-01]
 [ 1.99756166e+00  1.37739881e+00 -1.64979417e+00 ... -5.34192969e-01
   5.11295721e-01  2.11420073e-01]
 ...
 [-5.68083608e-01 -8.94451309e-01  8.85736747e-01 ... -8.10467119e-02
  -8.29952211e-01  1.57804636e-01]
 [-9.55305392e-02  2.19447504e-01  7.27848917e-02 ... -4.61952261e-01
  -5.92788824e-02  8.50681055e-01]
 [ 5.36683317e-01  6.21171633e-02 -1.77692166e-01 ... -5.48641110e-01
  -2.61465075e-01  1.08258837e-03]]